real,prediction,index,split
0,0,0,test
0,0,1,test
5,5,2,test
5,5,3,test
0,0,4,test
2,2,5,test
2,2,6,test
2,2,7,test
0,0,8,test
2,2,9,test
2,2,10,test
2,2,11,test
0,0,12,test
0,0,13,test
2,2,14,test
2,2,15,test
2,2,16,test
2,2,17,test
0,0,18,test
5,5,19,test
0,0,20,test
0,2,21,test
0,0,22,test
2,2,23,test
7,7,24,test
2,2,25,test
2,2,26,test
2,2,27,test
2,2,28,test
2,2,29,test
0,0,30,test
2,2,31,test
6,6,32,test
2,2,33,test
2,2,34,test
2,2,35,test
2,2,36,test
2,2,37,test
2,2,38,test
0,0,39,test
0,0,40,test
0,0,41,test
2,2,42,test
2,2,43,test
0,0,44,test
2,2,45,test
2,2,46,test
7,7,47,test
0,0,48,test
2,2,49,test
2,2,50,test
2,2,51,test
2,2,52,test
0,0,53,test
2,2,54,test
2,2,55,test
0,0,56,test
2,2,57,test
4,4,58,test
0,0,59,test
2,2,60,test
2,2,61,test
2,2,62,test
2,2,63,test
2,2,64,test
2,2,65,test
2,2,66,test
2,2,67,test
7,7,68,test
2,2,69,test
0,0,70,test
2,2,71,test
0,0,72,test
2,2,73,test
4,5,74,test
1,1,75,test
7,7,76,test
0,0,77,test
0,0,78,test
1,1,79,test
2,2,80,test
4,4,81,test
0,0,82,test
0,0,83,test
0,0,84,test
4,5,85,test
0,0,86,test
0,0,87,test
2,2,88,test
0,0,89,test
2,2,90,test
2,2,91,test
2,2,92,test
0,0,93,test
0,0,94,test
2,2,95,test
2,2,96,test
1,1,97,test
5,5,98,test
0,0,99,test
0,0,100,test
2,2,101,test
2,2,102,test
5,5,103,test
1,1,104,test
7,7,105,test
4,4,106,test
2,2,107,test
7,7,108,test
5,5,109,test
2,2,110,test
0,2,111,test
0,0,112,test
2,2,113,test
2,2,114,test
0,0,115,test
2,2,116,test
0,0,117,test
0,0,118,test
0,0,119,test
7,5,120,test
2,2,121,test
2,2,122,test
0,0,123,test
5,4,124,test
0,0,125,test
2,2,126,test
0,0,127,test
2,2,128,test
2,2,129,test
2,2,130,test
2,2,131,test
0,0,132,test
2,2,133,test
2,2,134,test
1,1,135,test
2,2,136,test
2,2,137,test
2,2,138,test
2,2,139,test
2,2,140,test
0,0,141,test
2,2,142,test
2,2,143,test
0,0,144,test
2,2,145,test
1,1,146,test
2,2,147,test
2,2,148,test
0,0,149,test
0,0,150,test
0,0,151,test
0,0,152,test
0,0,153,test
2,2,154,test
2,2,155,test
1,1,156,test
0,0,157,test
0,2,158,test
2,2,159,test
5,5,160,test
7,7,161,test
0,0,162,test
0,0,163,test
2,2,164,test
2,2,165,test
4,4,166,test
7,7,167,test
2,2,168,test
2,2,169,test
6,6,170,test
2,2,171,test
2,2,172,test
0,0,173,test
0,0,174,test
2,2,175,test
2,2,176,test
5,5,177,test
0,0,178,test
2,2,179,test
0,0,180,test
7,7,181,test
2,2,182,test
2,2,183,test
0,0,184,test
2,2,185,test
0,0,186,test
2,2,187,test
4,4,188,test
2,2,189,test
2,2,190,test
0,0,191,test
0,0,192,test
5,5,193,test
7,7,194,test
2,2,195,test
2,2,196,test
4,5,197,test
0,0,198,test
2,2,199,test
2,2,200,test
2,2,201,test
2,2,202,test
2,2,203,test
2,2,204,test
0,0,205,test
2,2,206,test
2,2,207,test
2,2,208,test
0,0,209,test
2,2,210,test
0,0,211,test
2,2,212,test
0,0,213,test
5,5,214,test
2,2,215,test
2,2,216,test
1,1,217,test
0,0,218,test
2,2,219,test
2,2,220,test
0,0,221,test
2,2,222,test
2,2,223,test
5,5,224,test
0,0,225,test
2,2,226,test
2,2,227,test
6,6,228,test
2,2,229,test
2,2,230,test
2,2,231,test
0,0,232,test
0,0,233,test
4,4,234,test
0,0,235,test
0,0,236,test
2,2,237,test
2,2,238,test
2,2,239,test
0,0,240,test
3,3,241,test
0,0,242,test
4,4,243,test
0,1,244,test
0,0,245,test
0,0,246,test
2,2,247,test
1,1,248,test
0,0,249,test
0,0,250,test
0,0,251,test
2,2,252,test
2,2,253,test
2,2,254,test
2,2,255,test
2,2,256,test
0,0,257,test
2,2,258,test
6,6,259,test
2,2,260,test
7,6,261,test
6,6,262,test
4,4,263,test
2,2,264,test
2,2,265,test
2,2,266,test
2,2,267,test
1,1,268,test
0,0,269,test
0,0,270,test
2,2,271,test
2,2,272,test
6,6,273,test
0,0,274,test
0,0,275,test
0,0,276,test
2,2,277,test
2,2,278,test
0,0,279,test
2,2,280,test
2,2,281,test
2,2,282,test
0,0,283,test
1,1,284,test
2,2,285,test
0,0,286,test
0,0,287,test
0,0,288,test
0,0,289,test
5,5,290,test
5,5,291,test
2,2,292,test
2,2,293,test
2,2,294,test
2,2,295,test
7,7,296,test
1,1,297,test
2,2,298,test
7,7,299,test
2,2,300,test
2,2,301,test
2,2,302,test
4,4,303,test
2,2,304,test
2,2,305,test
2,2,306,test
2,2,307,test
0,0,308,test
5,5,309,test
2,2,310,test
2,2,311,test
3,3,312,test
6,3,313,test
2,2,314,test
2,2,315,test
0,0,316,test
2,2,317,test
0,0,318,test
2,2,319,test
2,2,320,test
0,0,321,test
2,2,322,test
0,0,323,test
2,2,324,test
2,4,325,test
5,5,326,test
0,0,327,test
2,2,328,test
5,4,329,test
2,2,330,test
2,2,331,test
2,2,332,test
2,2,333,test
2,2,334,test
2,2,335,test
2,2,336,test
1,1,337,test
2,2,338,test
2,2,339,test
0,0,340,test
0,0,341,test
0,0,342,test
2,2,343,test
4,4,344,test
0,0,345,test
2,2,346,test
7,7,347,test
2,2,348,test
1,1,349,test
2,2,350,test
2,2,351,test
6,6,352,test
0,0,353,test
0,0,354,test
2,2,355,test
0,0,356,test
7,7,357,test
2,2,358,test
2,2,359,test
0,0,360,test
0,0,361,test
2,2,362,test
2,2,363,test
2,2,364,test
2,2,365,test
2,2,366,test
0,0,367,test
7,7,368,test
2,2,369,test
2,2,370,test
2,2,371,test
2,2,372,test
0,5,373,test
0,0,374,test
0,0,375,test
2,2,376,test
2,2,377,test
0,0,378,test
0,0,379,test
2,2,380,test
2,2,381,test
2,2,382,test
2,2,383,test
0,0,384,test
0,0,385,test
0,0,386,test
7,7,387,test
7,1,388,test
2,2,389,test
0,0,390,test
4,4,391,test
0,0,392,test
0,0,393,test
2,2,394,test
2,2,395,test
2,2,396,test
2,2,397,test
2,2,398,test
2,2,399,test
1,1,400,test
2,2,401,test
2,2,402,test
2,2,403,test
2,2,404,test
1,1,405,test
2,2,406,test
0,0,407,test
7,7,408,test
0,0,409,test
2,2,410,test
2,2,411,test
2,2,412,test
1,1,413,test
0,0,414,test
0,0,415,test
2,2,416,test
2,2,417,test
2,2,418,test
2,2,419,test
0,0,420,test
0,0,421,test
0,0,422,test
2,2,423,test
1,1,424,test
0,0,425,test
2,0,426,test
2,2,427,test
2,2,428,test
1,1,429,test
2,2,430,test
0,0,431,test
0,0,432,test
5,5,433,test
2,2,434,test
0,0,435,test
2,2,436,test
2,2,437,test
0,0,438,test
2,2,439,test
5,5,440,test
2,2,441,test
0,0,442,test
2,2,443,test
4,4,444,test
0,0,445,test
2,2,446,test
2,2,447,test
2,2,448,test
2,2,449,test
5,4,450,test
2,2,451,test
2,2,452,test
2,2,453,test
3,3,454,test
0,0,455,test
2,2,456,test
6,6,457,test
0,0,458,test
2,2,459,test
1,1,460,test
2,2,461,test
0,0,462,test
2,2,463,test
2,2,464,test
2,2,465,test
0,0,466,test
0,0,467,test
2,2,468,test
2,2,469,test
2,2,470,test
2,2,471,test
2,2,472,test
2,2,473,test
2,2,474,test
2,2,475,test
2,2,476,test
2,2,477,test
2,2,478,test
1,1,479,test
0,0,480,test
2,2,481,test
7,7,482,test
4,4,483,test
1,1,484,test
2,2,485,test
2,2,486,test
2,2,487,test
7,7,488,test
2,2,489,test
0,0,490,test
2,2,491,test
2,2,492,test
2,2,493,test
2,2,494,test
2,2,495,test
5,5,496,test
2,2,497,test
2,2,498,test
2,2,499,test
2,2,500,test
2,2,501,test
4,4,502,test
2,2,503,test
7,7,504,test
0,0,505,test
2,2,506,test
2,2,507,test
0,2,508,test
2,2,509,test
2,2,510,test
5,5,511,test
0,0,512,test
4,4,513,test
2,2,514,test
2,2,515,test
2,2,516,test
0,0,517,test
2,2,518,test
0,0,519,test
2,2,520,test
0,0,521,test
0,0,522,test
2,2,523,test
0,0,524,test
0,7,525,test
2,2,526,test
1,1,527,test
2,2,528,test
4,4,529,test
2,2,530,test
0,0,531,test
1,1,532,test
2,2,533,test
7,7,534,test
0,0,535,test
2,2,536,test
2,2,537,test
2,2,538,test
0,0,539,test
7,7,540,test
5,5,541,test
2,2,542,test
2,2,543,test
2,2,544,test
2,2,545,test
6,6,546,test
5,5,547,test
2,2,548,test
0,0,549,test
0,0,550,test
2,2,551,test
5,5,552,test
2,2,553,test
5,5,554,test
0,0,555,test
2,2,556,test
0,0,557,test
2,2,558,test
2,2,559,test
0,0,560,test
2,2,561,test
2,2,562,test
2,2,563,test
2,2,564,test
2,2,565,test
2,2,566,test
2,2,567,test
0,0,568,test
0,0,569,test
0,0,570,test
2,2,571,test
5,5,572,test
2,2,573,test
2,2,574,test
4,4,575,test
2,2,576,test
2,2,577,test
7,7,578,test
1,1,579,test
2,2,580,test
0,0,581,test
2,2,582,test
0,0,583,test
0,0,584,test
2,2,585,test
2,2,586,test
2,2,587,test
7,7,588,test
2,2,589,test
2,2,590,test
6,6,591,test
0,0,592,test
0,0,593,test
7,7,594,test
0,0,595,test
0,0,596,test
2,2,597,test
2,2,598,test
0,2,599,test
0,0,600,test
2,2,601,test
0,0,602,test
0,0,603,test
0,0,604,test
0,0,605,test
0,0,606,test
0,0,607,test
2,2,608,test
0,0,609,test
5,5,610,test
2,2,611,test
0,0,612,test
4,5,613,test
2,2,614,test
0,0,615,test
1,1,616,test
2,2,617,test
2,2,618,test
0,0,619,test
2,2,620,test
0,0,621,test
0,0,622,test
2,2,623,test
0,0,624,test
7,7,625,test
0,0,626,test
2,2,627,test
2,2,628,test
2,2,629,test
2,2,630,test
2,2,631,test
0,0,632,test
2,2,633,test
2,2,634,test
2,2,635,test
1,1,636,test
5,5,637,test
2,2,638,test
2,2,639,test
2,2,640,test
2,2,641,test
0,0,642,test
0,0,643,test
2,2,644,test
2,2,645,test
2,2,646,test
2,2,647,test
2,2,648,test
2,2,649,test
2,2,650,test
0,0,651,test
2,2,652,test
2,2,653,test
0,0,654,test
2,2,655,test
2,2,656,test
0,0,657,test
2,2,658,test
2,2,659,test
0,0,660,test
2,2,661,test
0,0,662,test
2,2,663,test
2,2,664,test
1,1,665,test
0,0,666,test
4,4,667,test
0,0,668,test
0,0,669,test
2,2,670,test
2,2,671,test
0,0,672,test
0,0,673,test
0,0,674,test
2,2,675,test
2,2,676,test
0,1,677,test
2,2,678,test
2,2,679,test
2,2,680,test
0,0,681,test
5,5,682,test
0,0,683,test
0,0,684,test
0,0,685,test
0,0,686,test
1,1,687,test
0,0,688,test
2,2,689,test
0,0,690,test
0,0,691,test
2,2,692,test
2,2,693,test
5,5,694,test
0,0,695,test
0,0,696,test
0,0,697,test
2,2,698,test
2,2,699,test
2,2,700,test
2,2,701,test
2,2,702,test
5,5,703,test
2,2,704,test
0,0,705,test
2,2,706,test
2,2,707,test
2,2,708,test
0,0,709,test
2,2,710,test
2,2,711,test
2,2,712,test
0,0,713,test
0,0,714,test
0,0,715,test
2,2,716,test
7,7,717,test
0,0,718,test
2,2,719,test
2,2,720,test
7,7,721,test
0,0,722,test
7,7,723,test
2,2,724,test
2,2,725,test
2,2,726,test
0,0,727,test
0,0,728,test
2,2,729,test
2,2,730,test
2,2,731,test
0,0,732,test
2,2,733,test
0,0,734,test
0,0,735,test
2,2,736,test
0,0,737,test
7,7,738,test
2,2,739,test
2,2,740,test
2,2,741,test
0,0,742,test
0,0,743,test
2,2,744,test
2,2,745,test
2,2,746,test
2,2,747,test
2,2,748,test
2,2,749,test
2,2,750,test
5,5,751,test
0,0,752,test
0,0,753,test
0,0,754,test
2,2,755,test
2,2,756,test
2,2,757,test
2,2,758,test
1,1,759,test
0,0,760,test
4,4,761,test
1,1,762,test
6,6,763,test
2,2,764,test
0,0,765,test
2,2,766,test
2,2,767,test
2,2,768,test
0,0,769,test
0,0,770,test
2,2,771,test
2,2,772,test
4,4,773,test
2,2,774,test
2,2,775,test
1,1,776,test
6,6,777,test
2,2,778,test
0,0,779,test
0,0,780,test
1,1,781,test
0,0,782,test
5,5,783,test
2,2,784,test
2,2,785,test
2,2,786,test
0,0,787,test
2,2,788,test
2,2,789,test
2,2,790,test
2,2,791,test
2,2,792,test
2,2,793,test
2,2,794,test
2,2,795,test
2,2,796,test
0,0,797,test
2,2,798,test
0,0,799,test
0,0,800,test
2,2,801,test
6,6,802,test
0,0,803,test
0,0,804,test
0,0,805,test
2,2,806,test
0,0,807,test
2,2,808,test
0,0,809,test
2,2,810,test
2,2,811,test
2,2,812,test
2,2,813,test
0,2,814,test
7,7,815,test
7,7,816,test
2,2,817,test
5,5,818,test
1,1,819,test
2,2,820,test
0,0,821,test
2,2,822,test
1,1,823,test
2,2,824,test
2,2,825,test
2,2,826,test
7,7,827,test
0,0,828,test
7,7,829,test
2,2,830,test
0,0,831,test
0,0,832,test
2,2,833,test
2,2,834,test
2,2,835,test
2,2,836,test
2,2,837,test
2,2,838,test
6,6,839,test
2,2,840,test
2,2,841,test
2,2,842,test
0,0,843,test
0,0,844,test
1,1,845,test
2,2,846,test
2,2,847,test
2,2,848,test
2,2,849,test
0,0,850,test
5,5,851,test
0,0,852,test
0,0,853,test
2,2,854,test
2,2,855,test
1,1,856,test
0,0,857,test
2,2,858,test
2,2,859,test
2,2,860,test
2,2,861,test
2,2,862,test
2,2,863,test
2,2,864,test
0,0,865,test
6,6,866,test
2,2,867,test
2,2,868,test
2,2,869,test
2,2,870,test
0,0,871,test
2,2,872,test
2,2,873,test
2,2,874,test
0,0,875,test
2,2,876,test
2,2,877,test
0,0,878,test
0,0,879,test
0,0,880,test
2,2,881,test
0,0,882,test
2,2,883,test
2,2,884,test
0,0,885,test
2,2,886,test
2,2,887,test
0,0,888,test
1,1,889,test
2,2,890,test
2,2,891,test
2,2,892,test
2,2,893,test
2,2,894,test
2,2,895,test
2,2,896,test
0,0,897,test
4,4,898,test
2,2,899,test
5,5,900,test
0,0,901,test
2,2,902,test
2,2,903,test
2,2,904,test
0,0,905,test
4,4,906,test
2,2,907,test
2,2,908,test
2,2,909,test
2,2,910,test
2,2,911,test
2,2,912,test
2,2,913,test
0,0,914,test
2,2,915,test
2,2,916,test
0,0,917,test
2,2,918,test
2,2,919,test
2,2,920,test
2,2,921,test
1,1,922,test
2,2,923,test
0,0,924,test
7,7,925,test
2,2,926,test
0,0,927,test
0,0,928,test
2,2,929,test
0,0,930,test
2,2,931,test
0,0,932,test
0,0,933,test
2,2,934,test
2,2,935,test
2,2,936,test
2,2,937,test
0,5,938,test
2,2,939,test
2,2,940,test
2,2,941,test
2,2,942,test
0,0,943,test
0,0,944,test
2,2,945,test
2,2,946,test
0,0,947,test
2,2,948,test
2,2,949,test
2,2,950,test
2,2,951,test
6,6,952,test
0,0,953,test
2,2,954,test
5,5,955,test
2,2,956,test
2,2,957,test
2,2,958,test
4,4,959,test
0,0,960,test
2,2,961,test
2,2,962,test
0,0,963,test
0,0,964,test
0,0,965,test
2,2,966,test
2,2,967,test
2,2,968,test
2,2,969,test
2,2,970,test
0,0,971,test
0,0,972,test
2,2,973,test
0,0,974,test
0,0,975,test
2,2,976,test
1,6,977,test
0,0,978,test
2,2,979,test
2,2,980,test
2,2,981,test
2,2,982,test
2,2,983,test
0,0,984,test
2,2,985,test
2,2,986,test
2,2,987,test
2,2,988,test
0,0,989,test
2,2,990,test
7,7,991,test
2,2,992,test
2,2,993,test
4,5,994,test
2,2,995,test
1,1,996,test
0,0,997,test
4,5,998,test
2,2,999,test
2,2,1000,test
2,2,1001,test
2,2,1002,test
4,4,1003,test
4,5,1004,test
0,0,1005,test
2,2,1006,test
2,2,1007,test
0,0,1008,test
2,2,1009,test
2,2,1010,test
4,4,1011,test
0,0,1012,test
2,2,1013,test
2,2,1014,test
0,0,1015,test
5,5,1016,test
6,1,1017,test
2,2,1018,test
2,2,1019,test
2,2,1020,test
2,2,1021,test
0,0,1022,test
2,2,1023,test
2,2,1024,test
2,2,1025,test
4,4,1026,test
0,0,1027,test
0,0,1028,test
0,0,1029,test
2,2,1030,test
2,2,1031,test
2,2,1032,test
6,6,1033,test
0,0,1034,test
0,0,1035,test
0,0,1036,test
2,0,1037,test
0,0,1038,test
2,2,1039,test
0,1,1040,test
0,0,1041,test
2,2,1042,test
2,2,1043,test
0,0,1044,test
4,5,1045,test
2,2,1046,test
2,2,1047,test
2,2,1048,test
2,2,1049,test
0,0,1050,test
2,2,1051,test
2,2,1052,test
0,0,1053,test
2,2,1054,test
2,2,1055,test
2,2,1056,test
0,0,1057,test
2,2,1058,test
2,2,1059,test
5,5,1060,test
0,0,1061,test
0,0,1062,test
2,2,1063,test
2,2,1064,test
0,0,1065,test
0,0,1066,test
6,6,1067,test
0,0,1068,test
0,0,1069,test
2,2,1070,test
2,2,1071,test
0,0,1072,test
2,2,1073,test
0,0,1074,test
2,2,1075,test
2,2,1076,test
2,2,1077,test
2,2,1078,test
2,2,1079,test
2,2,1080,test
2,2,1081,test
1,1,1082,test
2,2,1083,test
0,0,1084,test
0,0,1085,test
2,2,1086,test
2,2,1087,test
2,2,1088,test
2,2,1089,test
0,0,1090,test
0,0,1091,test
2,2,1092,test
5,5,1093,test
4,4,1094,test
2,2,1095,test
0,0,1096,test
1,1,1097,test
2,2,1098,test
2,2,1099,test
2,2,1100,test
2,2,1101,test
5,5,1102,test
0,0,1103,test
2,2,1104,test
0,0,1105,test
2,2,1106,test
2,2,1107,test
0,0,1108,test
2,2,1109,test
2,2,1110,test
2,2,1111,test
4,5,1112,test
2,2,1113,test
0,0,1114,test
2,2,1115,test
6,6,1116,test
0,0,1117,test
0,0,1118,test
0,0,1119,test
0,0,1120,test
0,0,1121,test
2,2,1122,test
0,0,1123,test
1,1,1124,test
2,2,1125,test
2,2,1126,test
2,2,1127,test
5,5,1128,test
2,2,1129,test
0,0,1130,test
2,2,1131,test
2,2,1132,test
0,0,1133,test
0,0,1134,test
2,2,1135,test
2,2,1136,test
2,2,1137,test
2,2,1138,test
2,2,1139,test
2,2,1140,test
7,7,1141,test
3,3,1142,test
0,0,1143,test
2,2,1144,test
5,5,1145,test
0,0,1146,test
0,0,1147,test
2,2,1148,test
0,0,1149,test
2,2,1150,test
1,1,1151,test
2,2,1152,test
0,1,1153,test
0,0,1154,test
2,2,1155,test
0,0,1156,test
5,5,1157,test
2,2,1158,test
2,2,1159,test
2,2,1160,test
2,2,1161,test
6,6,1162,test
0,0,1163,test
2,2,1164,test
2,2,1165,test
2,2,1166,test
0,0,1167,test
2,2,1168,test
2,2,1169,test
2,2,1170,test
2,2,1171,test
0,0,1172,test
2,2,1173,test
2,2,1174,test
2,2,1175,test
6,6,1176,test
2,2,1177,test
0,0,1178,test
2,2,1179,test
2,2,1180,test
2,2,1181,test
7,7,1182,test
0,0,1183,test
1,1,1184,test
1,1,1185,test
5,4,1186,test
2,2,1187,test
2,2,1188,test
0,0,1189,test
2,2,1190,test
7,7,1191,test
7,7,1192,test
7,7,1193,test
0,0,1194,test
4,4,1195,test
2,2,1196,test
0,0,1197,test
2,2,1198,test
0,0,1199,test
1,1,1200,test
2,2,1201,test
0,0,1202,test
2,2,1203,test
0,0,1204,test
2,2,1205,test
0,0,1206,test
0,0,1207,test
2,2,1208,test
2,2,1209,test
2,2,1210,test
2,2,1211,test
2,2,1212,test
7,7,1213,test
2,2,1214,test
2,2,1215,test
2,2,1216,test
0,0,1217,test
2,2,1218,test
5,5,1219,test
2,2,1220,test
3,3,1221,test
0,0,1222,test
0,0,1223,test
0,0,1224,test
0,0,1225,test
2,2,1226,test
2,2,1227,test
2,2,1228,test
2,2,1229,test
1,1,1230,test
0,0,1231,test
0,0,1232,test
2,2,1233,test
2,2,1234,test
2,2,1235,test
2,2,1236,test
0,0,1237,test
0,0,1238,test
0,0,1239,test
5,5,1240,test
2,2,1241,test
0,0,1242,test
2,2,1243,test
5,5,1244,test
1,1,1245,test
4,4,1246,test
0,0,1247,test
0,0,1248,test
1,1,1249,test
2,2,1250,test
2,2,1251,test
6,6,1252,test
0,0,1253,test
0,0,1254,test
0,0,1255,test
2,2,1256,test
2,2,1257,test
2,2,1258,test
2,2,1259,test
2,2,1260,test
0,0,1261,test
5,5,1262,test
0,0,1263,test
0,0,1264,test
2,2,1265,test
2,2,1266,test
0,0,1267,test
2,2,1268,test
0,0,1269,test
2,2,1270,test
2,2,1271,test
0,0,1272,test
0,0,1273,test
0,0,1274,test
2,2,1275,test
0,0,1276,test
0,0,1277,test
2,2,1278,test
2,2,1279,test
0,0,1280,test
2,2,1281,test
0,0,1282,test
2,2,1283,test
0,0,1284,test
2,2,1285,test
2,2,1286,test
2,2,1287,test
2,2,1288,test
5,5,1289,test
1,1,1290,test
2,2,1291,test
0,0,1292,test
2,2,1293,test
2,2,1294,test
2,2,1295,test
2,2,1296,test
0,0,1297,test
0,0,1298,test
2,2,1299,test
2,2,1300,test
1,1,1301,test
1,1,1302,test
0,0,1303,test
0,0,1304,test
2,2,1305,test
2,2,1306,test
2,2,1307,test
2,2,1308,test
0,2,1309,test
0,0,1310,test
0,0,1311,test
0,0,1312,test
2,2,1313,test
2,2,1314,test
1,1,1315,test
0,0,1316,test
4,4,1317,test
0,0,1318,test
2,2,1319,test
0,0,1320,test
1,1,1321,test
4,4,1322,test
7,7,1323,test
2,2,1324,test
0,2,1325,test
2,2,1326,test
2,2,1327,test
6,6,1328,test
0,0,1329,test
6,2,1330,test
2,2,1331,test
2,2,1332,test
0,0,1333,test
5,4,1334,test
0,0,1335,test
0,2,1336,test
0,0,1337,test
2,2,1338,test
2,2,1339,test
0,0,1340,test
2,2,1341,test
2,2,1342,test
0,0,1343,test
1,1,1344,test
0,0,1345,test
0,0,1346,test
2,2,1347,test
0,0,1348,test
2,2,1349,test
2,2,1350,test
2,2,1351,test
2,2,1352,test
2,2,1353,test
2,2,1354,test
0,0,1355,test
2,2,1356,test
0,0,1357,test
2,2,1358,test
2,0,1359,test
2,2,1360,test
0,0,1361,test
0,0,1362,test
0,0,1363,test
2,2,1364,test
2,2,1365,test
0,0,1366,test
0,0,1367,test
2,2,1368,test
2,2,1369,test
5,5,1370,test
2,2,1371,test
2,2,1372,test
0,0,1373,test
2,2,1374,test
2,2,1375,test
1,1,1376,test
2,2,1377,test
2,2,1378,test
0,1,1379,test
2,2,1380,test
0,0,1381,test
2,2,1382,test
2,2,1383,test
5,5,1384,test
2,2,1385,test
2,2,1386,test
2,2,1387,test
1,1,1388,test
0,0,1389,test
0,1,1390,test
2,2,1391,test
0,0,1392,test
4,5,1393,test
2,2,1394,test
0,0,1395,test
0,0,1396,test
4,4,1397,test
2,2,1398,test
0,0,1399,test
2,2,1400,test
5,4,1401,test
2,2,1402,test
2,2,1403,test
1,1,1404,test
0,0,1405,test
7,7,1406,test
2,2,1407,test
0,0,1408,test
2,2,1409,test
7,7,1410,test
2,2,1411,test
2,2,1412,test
1,1,1413,test
0,0,1414,test
0,0,1415,test
0,0,1416,test
2,2,1417,test
0,2,1418,test
2,2,1419,test
2,2,1420,test
2,2,1421,test
2,2,1422,test
2,2,1423,test
2,2,1424,test
0,0,1425,test
7,7,1426,test
0,0,1427,test
2,2,1428,test
2,2,1429,test
2,2,1430,test
0,0,1431,test
1,1,1432,test
1,1,1433,test
2,2,1434,test
2,2,1435,test
2,2,1436,test
1,1,1437,test
2,2,1438,test
0,0,1439,test
2,2,1440,test
0,0,1441,test
2,2,1442,test
2,2,1443,test
0,0,1444,test
0,0,1445,test
2,2,1446,test
6,6,1447,test
2,2,1448,test
0,0,1449,test
0,0,1450,test
1,1,1451,test
2,2,1452,test
2,2,1453,test
0,0,1454,test
1,1,1455,test
0,0,1456,test
0,0,1457,test
2,2,1458,test
2,2,1459,test
0,0,1460,test
2,2,1461,test
1,1,1462,test
1,1,1463,test
2,2,1464,test
7,7,1465,test
0,0,1466,test
7,7,1467,test
1,1,1468,test
6,6,1469,test
0,0,1470,test
0,0,1471,test
0,0,1472,test
0,0,1473,test
5,5,1474,test
2,2,1475,test
2,2,1476,test
2,2,1477,test
2,2,1478,test
2,2,1479,test
7,7,1480,test
0,0,1481,test
7,7,1482,test
0,0,1483,test
2,2,1484,test
0,0,1485,test
2,2,1486,test
2,2,1487,test
2,2,1488,test
2,2,1489,test
2,2,1490,test
2,2,1491,test
2,2,1492,test
2,2,1493,test
0,0,1494,test
4,7,1495,test
5,5,1496,test
5,5,1497,test
0,0,1498,test
2,2,1499,test
2,2,1500,test
1,1,1501,test
2,2,1502,test
2,2,1503,test
6,6,1504,test
2,2,1505,test
0,0,1506,test
2,2,1507,test
0,0,1508,test
2,2,1509,test
2,2,1510,test
2,2,1511,test
0,0,1512,test
0,0,1513,test
0,0,1514,test
1,1,1515,test
2,2,1516,test
0,1,1517,test
2,2,1518,test
2,2,1519,test
2,2,1520,test
7,7,1521,test
0,0,1522,test
2,2,1523,test
2,2,1524,test
7,7,1525,test
2,2,1526,test
0,0,1527,test
1,1,1528,test
7,1,1529,test
2,2,1530,test
2,2,1531,test
0,0,1532,test
2,2,1533,test
2,2,1534,test
2,2,1535,test
2,2,1536,test
7,7,1537,test
2,2,1538,test
2,2,1539,test
0,0,1540,test
2,2,1541,test
2,2,1542,test
2,2,1543,test
2,2,1544,test
1,1,1545,test
2,2,1546,test
2,2,1547,test
2,2,1548,test
2,2,1549,test
0,0,1550,test
2,2,1551,test
1,1,1552,test
0,0,1553,test
4,4,1554,test
0,0,1555,test
2,2,1556,test
0,0,1557,test
2,2,1558,test
0,0,1559,test
0,0,1560,test
2,2,1561,test
1,1,1562,test
2,2,1563,test
2,2,1564,test
0,0,1565,test
0,1,1566,test
2,2,1567,test
0,0,1568,test
2,2,1569,test
2,2,1570,test
2,2,1571,test
0,0,1572,test
2,2,1573,test
0,0,1574,test
0,0,1575,test
0,0,1576,test
2,2,1577,test
0,0,1578,test
0,0,1579,test
0,2,1580,test
2,2,1581,test
2,2,1582,test
2,2,1583,test
2,2,1584,test
2,2,1585,test
0,0,1586,test
2,2,1587,test
0,0,1588,test
2,2,1589,test
2,2,1590,test
0,2,1591,test
0,0,1592,test
0,0,1593,test
0,0,1594,test
2,2,1595,test
0,0,1596,test
2,2,1597,test
1,1,1598,test
2,2,1599,test
2,2,1600,test
0,0,1601,test
2,2,1602,test
2,0,1603,test
2,2,1604,test
0,0,1605,test
0,0,1606,test
5,5,1607,test
7,7,1608,test
2,2,1609,test
2,2,1610,test
0,0,1611,test
2,2,1612,test
2,0,1613,test
2,2,1614,test
0,0,1615,test
2,2,1616,test
2,2,1617,test
0,0,1618,test
2,2,1619,test
5,5,1620,test
2,2,1621,test
2,2,1622,test
2,2,1623,test
2,2,1624,test
2,2,1625,test
2,2,1626,test
6,6,1627,test
2,2,1628,test
6,6,1629,test
1,1,1630,test
2,2,1631,test
2,2,1632,test
0,0,1633,test
2,2,1634,test
1,1,1635,test
0,0,1636,test
0,0,1637,test
0,0,1638,test
0,0,1639,test
0,0,1640,test
2,2,1641,test
2,2,1642,test
0,0,1643,test
2,2,1644,test
5,5,1645,test
2,2,1646,test
2,2,1647,test
2,2,1648,test
0,0,1649,test
0,0,1650,test
0,0,1651,test
2,2,1652,test
2,2,1653,test
2,2,1654,test
2,2,1655,test
2,2,1656,test
2,2,1657,test
0,0,1658,test
2,2,1659,test
0,0,1660,test
7,7,1661,test
2,2,1662,test
4,5,1663,test
6,6,1664,test
2,2,1665,test
2,2,1666,test
0,0,1667,test
0,0,1668,test
0,0,1669,test
0,0,1670,test
4,4,1671,test
2,2,1672,test
1,1,1673,test
2,2,1674,test
0,0,1675,test
2,2,1676,test
2,2,1677,test
2,2,1678,test
0,0,1679,test
2,2,1680,test
0,0,1681,test
2,2,1682,test
2,2,1683,test
2,2,1684,test
2,2,1685,test
4,4,1686,test
2,2,1687,test
6,6,1688,test
2,2,1689,test
2,2,1690,test
2,2,1691,test
6,6,1692,test
2,2,1693,test
1,1,1694,test
2,2,1695,test
5,5,1696,test
2,2,1697,test
2,2,1698,test
2,2,1699,test
0,0,1700,test
2,2,1701,test
2,2,1702,test
0,0,1703,test
2,2,1704,test
0,0,1705,test
7,7,1706,test
2,2,1707,test
0,0,1708,test
2,2,1709,test
1,1,1710,test
2,1,1711,test
2,2,1712,test
0,0,1713,test
2,2,1714,test
2,2,1715,test
0,0,1716,test
2,2,1717,test
0,0,1718,test
2,2,1719,test
0,0,1720,test
2,2,1721,test
0,0,1722,test
4,4,1723,test
2,2,1724,test
0,0,1725,test
4,4,1726,test
2,2,1727,test
7,7,1728,test
2,2,1729,test
7,7,1730,test
2,2,1731,test
2,2,1732,test
2,2,1733,test
0,0,1734,test
2,2,1735,test
2,2,1736,test
0,0,1737,test
2,2,1738,test
0,0,1739,test
2,2,1740,test
3,3,1741,test
0,0,1742,test
7,7,1743,test
2,2,1744,test
0,0,1745,test
1,1,1746,test
2,2,1747,test
2,2,1748,test
4,4,1749,test
0,0,1750,test
2,2,1751,test
2,2,1752,test
3,3,1753,test
5,5,1754,test
0,0,1755,test
2,2,1756,test
5,5,1757,test
2,2,1758,test
2,2,1759,test
1,1,1760,test
2,2,1761,test
5,5,1762,test
0,0,1763,test
2,2,1764,test
0,0,1765,test
0,0,1766,test
2,2,1767,test
2,2,1768,test
2,2,1769,test
2,2,1770,test
2,2,1771,test
2,2,1772,test
0,0,1773,test
0,0,1774,test
1,1,1775,test
0,0,1776,test
2,2,1777,test
2,2,1778,test
0,0,1779,test
5,4,1780,test
4,4,1781,test
0,0,1782,test
2,2,1783,test
0,0,1784,test
2,2,1785,test
0,0,1786,test
2,2,1787,test
7,7,1788,test
0,0,1789,test
0,0,1790,test
0,0,1791,test
0,0,1792,test
2,2,1793,test
0,0,1794,test
1,1,1795,test
2,2,1796,test
2,2,1797,test
0,0,1798,test
2,2,1799,test
2,2,1800,test
1,1,1801,test
1,1,1802,test
0,0,1803,test
2,2,1804,test
2,2,1805,test
0,0,1806,test
0,0,1807,test
1,1,1808,test
0,0,1809,test
0,0,1810,test
0,0,1811,test
2,2,1812,test
2,2,1813,test
0,0,1814,test
0,0,1815,test
0,0,1816,test
2,2,1817,test
1,1,1818,test
7,7,1819,test
0,0,1820,test
2,2,1821,test
2,2,1822,test
2,2,1823,test
2,2,1824,test
2,2,1825,test
2,2,1826,test
0,0,1827,test
1,1,1828,test
0,0,1829,test
2,2,1830,test
0,0,1831,test
0,0,1832,test
2,2,1833,test
0,0,1834,test
2,2,1835,test
2,2,1836,test
2,2,1837,test
0,0,1838,test
0,0,1839,test
0,0,1840,test
0,0,1841,test
2,2,1842,test
2,2,1843,test
0,0,1844,test
0,0,1845,test
0,0,1846,test
2,2,1847,test
2,2,1848,test
7,7,1849,test
2,2,1850,test
2,2,1851,test
0,0,1852,test
1,1,1853,test
4,4,1854,test
0,0,1855,test
2,2,1856,test
7,7,1857,test
0,0,1858,test
2,2,1859,test
2,2,1860,test
2,2,1861,test
1,1,1862,test
1,1,1863,test
2,2,1864,test
2,0,1865,test
2,2,1866,test
2,2,1867,test
0,0,1868,test
2,2,1869,test
0,0,1870,test
2,2,1871,test
0,0,1872,test
0,0,1873,test
0,0,1874,test
6,6,1875,test
2,2,1876,test
2,2,1877,test
0,0,1878,test
2,2,1879,test
2,2,1880,test
0,0,1881,test
4,4,1882,test
2,2,1883,test
2,2,1884,test
2,2,1885,test
0,0,1886,test
2,2,1887,test
0,0,1888,test
0,0,1889,test
0,0,1890,test
2,2,1891,test
2,2,1892,test
0,0,1893,test
1,1,1894,test
2,2,1895,test
2,2,1896,test
2,2,1897,test
4,4,1898,test
2,2,1899,test
2,2,1900,test
2,2,1901,test
7,7,1902,test
0,0,1903,test
2,2,1904,test
0,0,1905,test
0,0,1906,test
2,2,1907,test
2,2,1908,test
2,2,1909,test
2,2,1910,test
0,0,1911,test
2,2,1912,test
2,2,1913,test
2,2,1914,test
0,0,1915,test
4,4,1916,test
0,0,1917,test
5,5,1918,test
2,2,1919,test
0,0,1920,test
5,5,1921,test
1,1,1922,test
2,2,1923,test
1,1,1924,test
0,0,1925,test
2,2,1926,test
2,2,1927,test
2,2,1928,test
0,2,1929,test
2,2,1930,test
2,2,1931,test
2,2,1932,test
2,2,1933,test
0,0,1934,test
1,1,1935,test
0,0,1936,test
0,0,1937,test
2,2,1938,test
2,2,1939,test
0,0,1940,test
0,0,1941,test
2,2,1942,test
2,2,1943,test
0,0,1944,test
0,0,1945,test
2,2,1946,test
0,0,1947,test
1,1,1948,test
7,7,1949,test
2,2,1950,test
7,7,1951,test
2,2,1952,test
1,1,1953,test
0,0,1954,test
2,2,1955,test
5,4,1956,test
0,0,1957,test
0,0,1958,test
2,2,1959,test
0,0,1960,test
2,2,1961,test
0,0,1962,test
0,0,1963,test
7,7,1964,test
2,2,1965,test
2,2,1966,test
2,2,1967,test
0,0,1968,test
0,0,1969,test
2,2,1970,test
2,2,1971,test
0,0,1972,test
0,0,1973,test
2,2,1974,test
2,2,1975,test
2,2,1976,test
0,0,1977,test
0,0,1978,test
2,2,1979,test
2,2,1980,test
2,2,1981,test
2,2,1982,test
2,2,1983,test
2,2,1984,test
2,2,1985,test
7,7,1986,test
0,0,1987,test
2,2,1988,test
0,0,1989,test
2,2,1990,test
4,4,1991,test
7,7,1992,test
0,0,1993,test
4,5,1994,test
0,0,1995,test
2,2,1996,test
0,0,1997,test
0,0,1998,test
2,2,1999,test
2,2,2000,test
0,2,2001,test
1,1,2002,test
2,2,2003,test
0,0,2004,test
2,2,2005,test
0,0,2006,test
2,2,2007,test
0,0,2008,test
2,2,0,validation
0,0,1,validation
0,0,2,validation
0,0,3,validation
2,2,4,validation
2,2,5,validation
2,2,6,validation
0,0,7,validation
0,0,8,validation
0,0,9,validation
2,2,10,validation
4,4,11,validation
2,2,12,validation
2,2,13,validation
2,2,14,validation
2,2,15,validation
5,5,16,validation
0,0,17,validation
2,2,18,validation
2,2,19,validation
7,7,20,validation
2,2,21,validation
2,2,22,validation
2,0,23,validation
2,2,24,validation
2,2,25,validation
2,2,26,validation
2,2,27,validation
2,2,28,validation
0,0,29,validation
2,2,30,validation
2,2,31,validation
2,2,32,validation
3,3,33,validation
0,1,34,validation
2,2,35,validation
2,2,36,validation
0,0,37,validation
0,0,38,validation
0,0,39,validation
4,4,40,validation
0,0,41,validation
2,0,42,validation
2,2,43,validation
7,7,44,validation
2,2,45,validation
2,2,46,validation
7,7,47,validation
2,2,48,validation
2,2,49,validation
2,2,50,validation
1,1,51,validation
2,2,52,validation
2,2,53,validation
0,0,54,validation
2,2,55,validation
0,0,56,validation
6,6,57,validation
2,2,58,validation
2,2,59,validation
2,2,60,validation
7,7,61,validation
0,0,62,validation
2,2,63,validation
2,2,64,validation
2,2,65,validation
2,2,66,validation
0,0,67,validation
1,1,68,validation
0,0,69,validation
2,2,70,validation
2,2,71,validation
1,1,72,validation
2,2,73,validation
2,2,74,validation
2,2,75,validation
2,2,76,validation
0,0,77,validation
2,2,78,validation
2,2,79,validation
0,0,80,validation
0,0,81,validation
2,2,82,validation
5,5,83,validation
0,0,84,validation
2,2,85,validation
2,2,86,validation
0,0,87,validation
2,2,88,validation
2,2,89,validation
2,2,90,validation
2,2,91,validation
2,2,92,validation
0,0,93,validation
0,0,94,validation
2,2,95,validation
4,4,96,validation
2,2,97,validation
2,2,98,validation
0,0,99,validation
2,2,100,validation
0,0,101,validation
0,0,102,validation
2,2,103,validation
0,0,104,validation
4,5,105,validation
0,0,106,validation
2,2,107,validation
6,6,108,validation
2,2,109,validation
2,2,110,validation
2,2,111,validation
2,2,112,validation
1,1,113,validation
7,5,114,validation
2,2,115,validation
0,0,116,validation
0,0,117,validation
0,0,118,validation
2,2,119,validation
0,0,120,validation
0,0,121,validation
0,0,122,validation
2,2,123,validation
0,2,124,validation
0,0,125,validation
0,0,126,validation
2,2,127,validation
0,0,128,validation
4,4,129,validation
1,1,130,validation
2,2,131,validation
6,6,132,validation
0,0,133,validation
2,2,134,validation
6,6,135,validation
2,2,136,validation
2,2,137,validation
2,2,138,validation
0,0,139,validation
2,2,140,validation
1,1,141,validation
2,2,142,validation
2,2,143,validation
1,1,144,validation
2,2,145,validation
2,2,146,validation
2,2,147,validation
2,2,148,validation
1,1,149,validation
2,2,150,validation
2,2,151,validation
2,2,152,validation
5,5,153,validation
7,7,154,validation
2,2,155,validation
2,2,156,validation
0,0,157,validation
7,7,158,validation
0,0,159,validation
0,0,160,validation
2,2,161,validation
2,2,162,validation
2,2,163,validation
2,2,164,validation
2,2,165,validation
2,2,166,validation
0,0,167,validation
1,1,168,validation
2,2,169,validation
2,2,170,validation
2,2,171,validation
2,2,172,validation
2,2,173,validation
0,0,174,validation
0,0,175,validation
2,2,176,validation
2,2,177,validation
0,0,178,validation
2,2,179,validation
2,2,180,validation
0,0,181,validation
2,2,182,validation
5,5,183,validation
2,2,184,validation
2,2,185,validation
2,2,186,validation
1,1,187,validation
2,2,188,validation
0,0,189,validation
3,3,190,validation
7,7,191,validation
2,2,192,validation
2,2,193,validation
0,0,194,validation
2,2,195,validation
0,0,196,validation
2,2,197,validation
2,2,198,validation
0,0,199,validation
5,5,200,validation
2,2,201,validation
2,2,202,validation
0,0,203,validation
5,5,204,validation
0,0,205,validation
2,2,206,validation
2,2,207,validation
7,7,208,validation
2,2,209,validation
2,2,210,validation
2,2,211,validation
0,1,212,validation
2,2,213,validation
2,2,214,validation
0,0,215,validation
2,2,216,validation
0,0,217,validation
5,5,218,validation
5,5,219,validation
2,2,220,validation
0,0,221,validation
0,0,222,validation
2,2,223,validation
2,2,224,validation
1,1,225,validation
2,2,226,validation
2,2,227,validation
6,6,228,validation
2,2,229,validation
2,2,230,validation
7,7,231,validation
2,2,232,validation
2,2,233,validation
6,6,234,validation
2,2,235,validation
2,2,236,validation
2,2,237,validation
2,2,238,validation
2,2,239,validation
0,0,240,validation
2,2,241,validation
2,2,242,validation
2,2,243,validation
0,0,244,validation
1,1,245,validation
2,2,246,validation
0,0,247,validation
7,6,248,validation
2,2,249,validation
2,2,250,validation
2,2,251,validation
2,2,252,validation
2,2,253,validation
2,2,254,validation
2,2,255,validation
0,0,256,validation
2,2,257,validation
2,2,258,validation
0,0,259,validation
0,0,260,validation
5,5,261,validation
0,0,262,validation
0,0,263,validation
2,2,264,validation
0,0,265,validation
3,3,266,validation
2,2,267,validation
2,2,268,validation
0,0,269,validation
4,4,270,validation
2,2,271,validation
2,2,272,validation
2,2,273,validation
6,6,274,validation
2,2,275,validation
2,2,276,validation
5,5,277,validation
0,0,278,validation
2,2,279,validation
5,5,280,validation
0,2,281,validation
2,2,282,validation
3,3,283,validation
0,0,284,validation
0,0,285,validation
2,2,286,validation
0,0,287,validation
0,0,288,validation
2,2,289,validation
0,0,290,validation
0,1,291,validation
2,2,292,validation
2,2,293,validation
2,2,294,validation
7,7,295,validation
2,2,296,validation
2,2,297,validation
0,0,298,validation
0,0,299,validation
2,2,300,validation
0,0,301,validation
0,0,302,validation
0,0,303,validation
1,1,304,validation
2,2,305,validation
0,0,306,validation
2,2,307,validation
2,2,308,validation
0,0,309,validation
2,2,310,validation
2,2,311,validation
1,1,312,validation
2,2,313,validation
7,7,314,validation
2,2,315,validation
2,2,316,validation
2,2,317,validation
0,0,318,validation
0,0,319,validation
2,2,320,validation
2,2,321,validation
2,2,322,validation
6,6,323,validation
2,2,324,validation
2,2,325,validation
2,2,326,validation
2,2,327,validation
0,0,328,validation
2,2,329,validation
7,7,330,validation
1,1,331,validation
7,7,332,validation
2,2,333,validation
2,2,334,validation
0,0,335,validation
0,0,336,validation
0,0,337,validation
5,5,338,validation
2,2,339,validation
2,2,340,validation
0,0,341,validation
0,0,342,validation
0,0,343,validation
0,0,344,validation
2,2,345,validation
2,2,346,validation
1,1,347,validation
7,7,348,validation
0,0,349,validation
5,5,350,validation
2,2,351,validation
0,0,352,validation
0,0,353,validation
2,2,354,validation
6,6,355,validation
0,0,356,validation
0,0,357,validation
0,0,358,validation
1,1,359,validation
0,0,360,validation
2,2,361,validation
0,0,362,validation
2,2,363,validation
2,2,364,validation
2,2,365,validation
0,0,366,validation
2,2,367,validation
2,2,368,validation
5,5,369,validation
3,3,370,validation
2,2,371,validation
2,2,372,validation
2,2,373,validation
2,0,374,validation
0,0,375,validation
2,2,376,validation
2,2,377,validation
0,0,378,validation
2,2,379,validation
2,2,380,validation
7,5,381,validation
2,2,382,validation
2,2,383,validation
4,5,384,validation
0,0,385,validation
2,2,386,validation
2,2,387,validation
2,2,388,validation
5,5,389,validation
2,2,390,validation
0,0,391,validation
0,0,392,validation
0,0,393,validation
0,0,394,validation
0,0,395,validation
4,4,396,validation
0,0,397,validation
2,2,398,validation
2,2,399,validation
5,5,400,validation
2,2,401,validation
2,2,402,validation
2,2,403,validation
2,2,404,validation
4,4,405,validation
0,0,406,validation
2,2,407,validation
0,0,408,validation
2,2,409,validation
0,0,410,validation
2,2,411,validation
2,2,412,validation
0,0,413,validation
2,2,414,validation
0,0,415,validation
4,4,416,validation
0,0,417,validation
0,0,418,validation
2,2,419,validation
0,0,420,validation
1,1,421,validation
5,5,422,validation
2,2,423,validation
2,2,424,validation
2,2,425,validation
7,7,426,validation
2,2,427,validation
2,2,428,validation
2,2,429,validation
2,0,430,validation
2,2,431,validation
2,2,432,validation
7,7,433,validation
1,1,434,validation
2,2,435,validation
2,2,436,validation
2,2,437,validation
2,2,438,validation
1,1,439,validation
3,3,440,validation
2,4,441,validation
2,2,442,validation
2,2,443,validation
2,2,444,validation
2,2,445,validation
0,5,446,validation
2,2,447,validation
0,0,448,validation
0,0,449,validation
4,4,450,validation
4,4,451,validation
0,0,452,validation
5,5,453,validation
0,0,454,validation
0,0,455,validation
3,3,456,validation
2,2,457,validation
1,1,458,validation
5,5,459,validation
2,2,460,validation
2,2,461,validation
0,0,462,validation
0,0,463,validation
5,5,464,validation
2,2,465,validation
4,5,466,validation
0,0,467,validation
4,4,468,validation
0,0,469,validation
2,2,470,validation
0,0,471,validation
2,2,472,validation
3,3,473,validation
2,2,474,validation
0,0,475,validation
2,2,476,validation
2,2,477,validation
0,2,478,validation
0,0,479,validation
2,2,480,validation
7,7,481,validation
2,2,482,validation
2,2,483,validation
5,5,484,validation
2,2,485,validation
6,6,486,validation
0,0,487,validation
0,0,488,validation
2,2,489,validation
0,0,490,validation
2,2,491,validation
2,2,492,validation
0,0,493,validation
0,0,494,validation
2,2,495,validation
4,4,496,validation
2,2,497,validation
2,2,498,validation
2,2,499,validation
2,2,500,validation
2,2,501,validation
7,7,502,validation
0,0,503,validation
2,2,504,validation
0,0,505,validation
0,0,506,validation
2,2,507,validation
2,2,508,validation
0,0,509,validation
2,2,510,validation
2,2,511,validation
2,2,512,validation
2,2,513,validation
7,7,514,validation
2,2,515,validation
0,0,516,validation
2,2,517,validation
2,2,518,validation
2,2,519,validation
7,7,520,validation
0,0,521,validation
0,0,522,validation
2,2,523,validation
5,5,524,validation
7,7,525,validation
2,2,526,validation
2,2,527,validation
0,0,528,validation
4,4,529,validation
2,2,530,validation
0,0,531,validation
4,5,532,validation
2,2,533,validation
2,2,534,validation
7,7,535,validation
0,0,536,validation
2,2,537,validation
2,2,538,validation
2,2,539,validation
0,0,540,validation
2,2,541,validation
2,2,542,validation
2,2,543,validation
0,0,544,validation
2,2,545,validation
2,2,546,validation
0,0,547,validation
0,0,548,validation
4,4,549,validation
1,1,550,validation
2,2,551,validation
0,0,552,validation
7,7,553,validation
0,0,554,validation
7,7,555,validation
2,2,556,validation
2,2,557,validation
2,2,558,validation
0,0,559,validation
6,6,560,validation
2,2,561,validation
0,0,562,validation
0,2,563,validation
7,7,564,validation
7,7,565,validation
6,6,566,validation
2,2,567,validation
7,7,568,validation
2,2,569,validation
0,0,570,validation
7,7,571,validation
2,2,572,validation
0,0,573,validation
2,2,574,validation
2,2,575,validation
2,2,576,validation
2,2,577,validation
4,4,578,validation
0,0,579,validation
0,0,580,validation
0,0,581,validation
2,2,582,validation
2,2,583,validation
2,2,584,validation
5,5,585,validation
2,2,586,validation
2,2,587,validation
0,0,588,validation
0,0,589,validation
2,2,590,validation
5,5,591,validation
0,0,592,validation
2,2,593,validation
2,2,594,validation
0,0,595,validation
0,0,596,validation
2,2,597,validation
2,2,598,validation
0,0,599,validation
2,2,600,validation
2,2,601,validation
0,0,602,validation
2,2,603,validation
2,2,604,validation
0,0,605,validation
2,2,606,validation
2,2,607,validation
0,0,608,validation
2,0,609,validation
2,2,610,validation
0,0,611,validation
1,1,612,validation
0,0,613,validation
2,2,614,validation
2,2,615,validation
2,2,616,validation
2,2,617,validation
2,2,618,validation
0,0,619,validation
1,1,620,validation
2,2,621,validation
1,1,622,validation
2,2,623,validation
0,0,624,validation
0,0,625,validation
2,2,626,validation
2,2,627,validation
0,0,628,validation
0,0,629,validation
2,2,630,validation
0,0,631,validation
0,0,632,validation
2,2,633,validation
2,2,634,validation
2,2,635,validation
1,1,636,validation
2,2,637,validation
2,2,638,validation
2,2,639,validation
0,0,640,validation
0,0,641,validation
5,5,642,validation
2,2,643,validation
2,2,644,validation
1,1,645,validation
2,2,646,validation
2,2,647,validation
0,0,648,validation
0,0,649,validation
2,2,650,validation
0,0,651,validation
0,0,652,validation
0,0,653,validation
2,2,654,validation
2,2,655,validation
0,0,656,validation
2,2,657,validation
2,2,658,validation
2,2,659,validation
2,2,660,validation
2,2,661,validation
2,2,662,validation
2,2,663,validation
2,2,664,validation
2,2,665,validation
2,2,666,validation
0,0,667,validation
1,1,668,validation
2,2,669,validation
2,2,670,validation
2,2,671,validation
2,2,672,validation
0,0,673,validation
0,0,674,validation
2,2,675,validation
2,2,676,validation
0,0,677,validation
0,0,678,validation
2,2,679,validation
2,2,680,validation
2,2,681,validation
2,2,682,validation
2,0,683,validation
2,2,684,validation
2,2,685,validation
0,0,686,validation
0,0,687,validation
2,2,688,validation
2,2,689,validation
0,0,690,validation
2,2,691,validation
1,1,692,validation
0,0,693,validation
5,5,694,validation
2,2,695,validation
2,2,696,validation
2,2,697,validation
2,2,698,validation
0,0,699,validation
2,2,700,validation
2,2,701,validation
2,2,702,validation
0,0,703,validation
2,2,704,validation
2,2,705,validation
0,0,706,validation
0,0,707,validation
2,2,708,validation
2,2,709,validation
2,2,710,validation
2,2,711,validation
2,2,712,validation
2,2,713,validation
6,6,714,validation
2,2,715,validation
7,7,716,validation
2,2,717,validation
2,2,718,validation
0,0,719,validation
0,0,720,validation
5,5,721,validation
0,0,722,validation
2,2,723,validation
2,2,724,validation
0,0,725,validation
0,0,726,validation
7,7,727,validation
7,6,728,validation
4,4,729,validation
4,5,730,validation
0,0,731,validation
0,0,732,validation
0,0,733,validation
1,1,734,validation
2,2,735,validation
1,1,736,validation
2,2,737,validation
2,2,738,validation
2,2,739,validation
0,0,740,validation
0,0,741,validation
2,2,742,validation
0,0,743,validation
2,2,744,validation
2,2,745,validation
0,0,746,validation
2,2,747,validation
2,2,748,validation
2,2,749,validation
2,2,750,validation
0,0,751,validation
2,2,752,validation
5,5,753,validation
0,0,754,validation
2,2,755,validation
2,2,756,validation
0,0,757,validation
2,2,758,validation
1,1,759,validation
0,0,760,validation
2,2,761,validation
2,2,762,validation
4,4,763,validation
2,2,764,validation
0,0,765,validation
1,1,766,validation
0,0,767,validation
2,2,768,validation
2,2,769,validation
2,2,770,validation
2,2,771,validation
2,2,772,validation
2,2,773,validation
5,5,774,validation
2,2,775,validation
7,7,776,validation
2,2,777,validation
2,2,778,validation
2,2,779,validation
2,2,780,validation
0,0,781,validation
0,0,782,validation
0,0,783,validation
0,0,784,validation
7,7,785,validation
4,4,786,validation
0,0,787,validation
4,4,788,validation
2,2,789,validation
2,2,790,validation
0,0,791,validation
2,2,792,validation
2,2,793,validation
7,7,794,validation
2,2,795,validation
2,2,796,validation
0,0,797,validation
2,2,798,validation
2,2,799,validation
2,2,800,validation
6,6,801,validation
0,0,802,validation
2,2,803,validation
2,2,804,validation
0,1,805,validation
0,2,806,validation
1,1,807,validation
2,2,808,validation
0,0,809,validation
2,2,810,validation
2,0,811,validation
0,0,812,validation
0,0,813,validation
2,2,814,validation
0,0,815,validation
2,2,816,validation
7,7,817,validation
6,6,818,validation
2,2,819,validation
2,2,820,validation
2,2,821,validation
2,2,822,validation
7,7,823,validation
2,2,824,validation
2,2,825,validation
0,0,826,validation
4,4,827,validation
1,1,828,validation
2,2,829,validation
2,2,830,validation
2,2,831,validation
0,0,832,validation
0,0,833,validation
2,2,834,validation
2,2,835,validation
2,0,836,validation
2,2,837,validation
5,7,838,validation
2,2,839,validation
2,2,840,validation
0,0,841,validation
0,0,842,validation
0,0,843,validation
1,1,844,validation
1,1,845,validation
2,2,846,validation
0,0,847,validation
2,0,848,validation
2,2,849,validation
2,2,850,validation
2,2,851,validation
2,2,852,validation
0,0,853,validation
2,2,854,validation
2,2,855,validation
2,2,856,validation
0,0,857,validation
0,0,858,validation
1,1,859,validation
2,2,860,validation
6,6,861,validation
2,2,862,validation
2,2,863,validation
5,5,864,validation
6,6,865,validation
2,2,866,validation
2,2,867,validation
2,2,868,validation
2,2,869,validation
2,2,870,validation
0,0,871,validation
0,0,872,validation
0,0,873,validation
5,5,874,validation
7,7,875,validation
2,2,876,validation
2,2,877,validation
2,2,878,validation
2,2,879,validation
6,6,880,validation
2,2,881,validation
2,2,882,validation
0,0,883,validation
0,0,884,validation
2,2,885,validation
0,0,886,validation
5,5,887,validation
2,0,888,validation
0,0,889,validation
0,0,890,validation
2,2,891,validation
1,1,892,validation
6,6,893,validation
2,2,894,validation
0,0,895,validation
2,2,896,validation
2,2,897,validation
5,5,898,validation
2,2,899,validation
2,2,900,validation
2,2,901,validation
1,1,902,validation
2,2,903,validation
2,2,904,validation
0,0,905,validation
2,2,906,validation
2,2,907,validation
0,0,908,validation
0,0,909,validation
0,0,910,validation
2,2,911,validation
0,0,912,validation
2,2,913,validation
2,2,914,validation
0,0,915,validation
4,4,916,validation
2,2,917,validation
2,2,918,validation
2,2,919,validation
2,2,920,validation
0,0,921,validation
4,4,922,validation
0,0,923,validation
2,2,924,validation
1,1,925,validation
2,2,926,validation
0,0,927,validation
2,2,928,validation
5,5,929,validation
2,2,930,validation
0,0,931,validation
2,2,932,validation
4,5,933,validation
0,0,934,validation
1,1,935,validation
2,2,936,validation
2,2,937,validation
2,2,938,validation
2,2,939,validation
2,2,940,validation
0,0,941,validation
2,2,942,validation
7,7,943,validation
0,0,944,validation
0,0,945,validation
2,2,946,validation
1,1,947,validation
1,1,948,validation
0,0,949,validation
0,0,950,validation
2,2,951,validation
0,0,952,validation
2,2,953,validation
2,2,954,validation
0,0,955,validation
2,2,956,validation
2,2,957,validation
2,2,958,validation
2,2,959,validation
0,0,960,validation
5,5,961,validation
0,0,962,validation
2,2,963,validation
2,2,964,validation
2,2,965,validation
2,2,966,validation
2,2,967,validation
0,0,968,validation
7,7,969,validation
2,2,970,validation
1,1,971,validation
0,0,972,validation
2,2,973,validation
0,0,974,validation
2,2,975,validation
6,6,976,validation
2,2,977,validation
2,2,978,validation
2,2,979,validation
0,0,980,validation
2,2,981,validation
7,7,982,validation
7,7,983,validation
2,2,984,validation
2,2,985,validation
2,2,986,validation
2,2,987,validation
2,2,988,validation
2,2,989,validation
0,0,990,validation
2,2,991,validation
6,3,992,validation
0,0,993,validation
2,2,994,validation
2,2,995,validation
7,7,996,validation
2,2,997,validation
0,0,998,validation
2,2,999,validation
2,2,1000,validation
6,6,1001,validation
0,0,1002,validation
0,0,1003,validation
0,0,1004,validation
2,2,1005,validation
0,1,1006,validation
2,2,1007,validation
0,0,1008,validation
